11
-6.939256723596976 107.66387290534682 SimpaganAtasRSIA
-6.940805192424694 107.66378302440877 RSIA_Humana_Prima
-6.9420323752968605 107.66358094904432 Amanda
-6.943288973680201 107.66354267262001 Borma
-6.945621118273786 107.66286575457511 SimpanganBawahBorma
-6.946283824560161 107.66664379805458 RM_Andalus
-6.943623448495856 107.66708899211018 SimpanganAtasRM
-6.945470503078475 107.66946595101516 GreenHousePC
-6.9454880331149775 107.67067335008035 SimpanganKananGreenHouse
-6.9389147591021665 107.66707536618159 KFC
-6.938636121159263 107.66946126330632 Al_Islam_Hospital
0 170 0 0 0 0 0 0 0 350 0
170 0 150 0 0 0 0 0 0 0 0
0 150 0 150 0 0 0 0 0 0 0
0 0 150 0 270 0 450 0 0 0 0
0 0 0 270 0 450 0 0 0 0 0
0 0 0 0 450 0 300 500 0 0 0
0 0 0 450 0 300 0 550 0 550 0
0 0 0 0 0 500 550 0 130 0 0
0 0 0 0 0 0 0 130 0 0 750
350 0 0 0 0 0 550 0 0 0 300
0 0 0 0 0 0 0 0 750 300 0