8
51.500970519986815 -0.12474448210377943 BigBen
51.500982 -0.126183 PerempatanParliamentSquare
51.503256 -0.127642 10DowningStreet
51.50763968631513 -0.12779566240939946 TragalgarSquare
51.505887 -0.130833 PertigaanTheMall
51.50134197705323 -0.1298556589393768 PertigaanBirdcage
51.500674 -0.140084 PertigaanBuckingham
51.50107775031579 -0.14188409136738678 BuckinghamPalace
0 96 0 0 0 0 0 0
96 0 0 850 0 300 0 0
0 0 0 0 0 0 0 0
0 850 0 0 350 0 0 0
0 0 0 350 0 550 0 1100
0 300 0 0 550 0 700 0
0 0 0 0 0 700 0 100
0 0 0 0 1100 0 100 0
